0 0 0 0 0 0 0 0 0 0 0 0 0 0 0 0 0 0 0 0 0 0 0 0 0 0 0 0 0 0
0 1 1 1 1 1 1 1 1 1 1 1 1 1 5 2 5 1 1 1 1 1 1 1 1 1 1 1 6 0
0 1 5 5 5 5 5 5 5 5 5 5 1 1 5 1 5 1 5 5 5 5 5 5 5 5 5 5 1 0
0 1 1 1 1 1 1 1 1 1 1 1 1 1 5 1 5 1 1 1 1 1 1 1 1 1 1 1 1 0
0 1 5 5 5 5 5 5 5 6 5 5 5 1 5 1 5 5 5 1 5 5 5 5 5 5 5 5 1 0
0 1 1 1 1 1 1 1 1 1 1 1 1 1 5 1 5 1 1 1 1 1 1 1 1 1 1 1 1 0
0 1 5 5 5 5 5 5 5 5 5 5 5 1 5 1 5 1 5 1 5 5 5 5 5 5 5 5 5 0
0 1 1 1 1 1 1 1 1 1 1 1 5 1 1 1 1 1 1 1 5 1 1 1 1 1 1 1 2 0
0 1 1 1 5 5 1 1 1 1 1 1 1 1 5 1 5 1 5 1 5 1 5 5 5 5 5 5 1 0
0 1 5 6 3 5 6 5 5 5 5 5 5 1 5 3 5 1 5 1 1 1 1 1 1 1 1 1 1 0
0 1 1 1 1 5 1 5 1 1 1 1 1 1 5 5 5 1 5 5 5 5 5 5 5 5 5 5 1 0
0 1 1 5 1 5 1 5 1 1 5 5 5 1 1 6 1 1 1 1 1 1 1 1 5 1 1 1 1 0
0 5 1 1 1 1 1 5 1 5 1 1 5 1 5 5 5 1 5 1 5 5 5 5 5 1 5 5 1 0
0 5 5 5 5 5 1 5 1 5 1 1 5 1 1 1 1 1 1 1 1 1 1 1 1 1 1 1 1 0
0 1 1 1 1 1 1 1 1 1 1 1 5 1 1 1 5 1 5 5 5 5 5 5 5 5 5 5 1 0
0 1 5 5 5 5 1 5 5 5 1 1 5 1 5 1 5 6 1 1 1 1 1 1 1 1 1 1 1 0
0 1 1 1 1 1 1 1 1 1 1 1 1 1 5 5 5 1 5 1 5 5 5 5 5 5 5 5 5 0
0 1 5 5 5 5 1 5 5 5 5 5 5 1 1 1 1 1 5 1 1 1 1 1 1 1 1 1 1 0
0 1 1 1 1 5 1 1 1 1 1 1 2 5 5 5 5 1 5 1 5 5 5 5 5 5 5 5 1 0
0 1 5 5 1 5 5 5 5 5 5 1 5 5 1 1 1 1 1 1 1 1 1 1 1 5 1 1 1 0
0 1 1 1 1 1 1 1 1 1 5 1 5 1 1 5 5 5 5 1 5 5 5 5 1 5 1 5 5 0
0 1 3 5 1 5 5 5 5 5 5 1 5 1 5 5 1 1 5 1 5 2 3 5 1 5 1 1 1 0
0 1 5 5 1 5 1 5 1 1 1 1 5 1 5 1 1 5 5 1 5 5 1 5 1 5 5 5 1 0
0 1 1 1 1 5 1 1 5 5 1 1 1 1 1 1 1 1 1 1 1 1 1 5 1 1 1 5 1 0
0 1 5 5 5 5 1 5 1 5 5 1 5 5 5 1 5 5 5 5 5 5 5 5 5 5 1 5 3 0
0 1 5 1 5 5 1 5 1 5 1 1 1 5 1 1 1 1 1 1 1 1 1 1 1 5 1 5 5 0
0 1 1 1 1 1 2 5 1 5 3 5 1 5 1 1 1 1 5 1 1 1 1 5 1 1 1 1 6 0
0 1 5 5 5 5 5 1 1 5 5 5 1 5 1 5 5 5 5 5 5 1 1 5 5 1 5 5 1 0
0 1 1 1 1 1 1 1 1 1 1 1 1 1 1 1 1 1 1 1 1 1 1 1 1 1 1 1 1 0
0 0 0 0 0 0 0 0 0 0 0 0 0 0 0 0 0 0 0 0 0 0 0 0 0 0 0 0 0 0
